01100100000010000000000000000001
11111100000010000000000000000000
11011100000010000000000000000000
01100101000010000000000000000001
11111100000010000000000000000000
11011100000010000000000000000000
01100101000010000000000000000001
11111100000010000000000000000000
11011100000010000000000000000000
11011100000010010000000000000000
00000001000010000100100000101101
11111100000010000000000000001000
01100100000010000000000000000000
11111100000010000000000000010000
11011100000010000000000000010000
01100100000010010000000000000001
00000001010010000100100000101101
11111100000010100000000000010000
